Com tolerância 100**-3

[[18.044 19.532]
 [17.838 19.503]
 [17.507 19.244]
 [17.452 19.163]
 [17.374 18.985]
 [17.284 18.73 ]
 [17.159 18.286]
 [16.9   17.209]
 [16.635 15.947]
 [16.461 14.999]
 [16.322 14.143]
 [16.232 13.53 ]
 [16.175 13.088]
 [16.134 12.744]
 [16.101 12.434]
 [16.069 12.108]
 [16.042 11.8  ]
 [16.018 11.507]
 [15.998 11.245]
 [15.985 11.065]
 [15.976 10.918]
 [15.967 10.781]
 [15.961 10.661]
 [15.955 10.557]
 [15.95  10.441]
 [15.946 10.353]
 [15.938 10.169]
 [15.93   9.978]
 [15.923  9.776]
 [15.918  9.637]
 [15.914  9.501]
 [15.908  9.316]
 [15.906  9.225]
 [15.902  9.088]
 [15.899  8.973]
 [15.896  8.862]
 [15.895  8.751]
 [15.892  8.653]
 [15.89   8.543]
 [15.92   8.172]
 [15.887  8.37 ]
 [15.886  8.302]
 [15.885  8.233]
 [15.884  8.152]
 [15.883  8.079]
 [15.882  8.01 ]
 [15.882  7.93 ]
 [15.881  7.859]
 [15.88   7.794]
 [15.88   7.738]
 [15.88   7.666]
 [15.879  7.579]
 [15.879  7.535]
 [15.879  7.484]
 [15.878  7.39 ]
 [15.878  7.348]
 [15.878  7.281]
 [15.878  7.224]
 [15.878  7.124]
 [15.878  7.066]]

 Com tol 10**-1 (converge na primeira iteracao)
 [[17.74  18.721]
 [17.708 18.781]
 [17.683 18.807]
 [17.661 18.834]
 [17.642 18.86 ]
 [17.627 18.887]
 [17.617 18.91 ]
 [17.55  18.648]
 [17.37  17.816]
 [17.21  16.976]
 [17.067 16.17 ]
 [16.94  15.383]
 [16.828 14.597]
 [16.731 13.842]
 [16.65  13.094]
 [16.625 12.795]
 [16.598 12.512]
 [16.57  12.223]
 [16.547 11.934]
 [16.53  11.645]
 [16.538 11.545]
 [16.557 11.528]
 [16.576 11.512]
 [16.518 10.721]
 [16.483  9.837]
 [16.113 11.848]
 [16.124 11.863]
 [16.447  7.94 ]
 [16.124 11.778]
 [16.114 11.69 ]
 [16.096 11.559]
 [16.076 11.404]
 [16.056 11.23 ]
 [16.038 11.041]
 [16.023 10.842]
 [15.92   8.826]
 [17.405  2.57 ]
 [15.928  8.729]
 [17.395  2.573]
 [15.934  8.564]
 [15.936  8.456]
 [15.939  8.386]
 [15.941  8.258]
 [15.944  8.205]
 [15.946  8.127]
 [15.948  8.052]
 [15.949  7.976]
 [15.951  7.921]
 [15.952  7.829]
 [15.953  7.788]
 [15.953  7.751]
 [15.952  7.627]
 [15.952  7.644]
 [15.952  7.563]
 [15.951  7.481]
 [15.951  7.436]
 [15.951  7.389]
 [15.95   7.3  ]
 [15.95   7.285]
 [15.95   7.263]]


tol=10**-2 nao convergindo
 [[17.751 19.353]
 [17.796 19.409]
 [17.87  19.483]
 [17.877 19.497]
 [17.887 19.392]
 [17.733 18.778]
 [17.758 18.892]
 [17.899 19.482]
 [17.846 19.412]
 [17.636 19.184]
 [17.703 18.84 ]
 [17.732 19.336]
 [17.907 19.414]
 [17.733 18.986]
 [17.734 18.988]
 [17.801 19.36 ]
 [17.723 18.917]
 [17.76  19.169]
 [17.744 18.956]
 [17.72  19.379]
 [17.823 19.458]
 [17.717 19.033]
 [17.788 18.897]
 [17.764 19.231]
 [17.728 19.166]
 [17.675 19.327]
 [17.603 19.163]
 [17.789 19.413]
 [17.931 19.286]
 [17.676 19.355]
 [17.732 19.105]
 [17.605 18.828]
 [17.641 18.868]
 [17.671 19.082]
 [17.63  19.296]
 [17.613 18.762]
 [17.576 19.286]
 [17.614 19.241]
 [17.655 19.344]
 [17.635 19.239]
 [17.621 19.159]
 [17.58  19.158]
 [17.544 19.03 ]
 [17.705 18.551]
 [17.501 18.363]
 [17.405 17.292]
 [17.641 17.203]
 [17.522 19.114]
 [17.449 18.683]
 [17.63  17.54 ]
 [17.469 17.731]
 [17.295 18.091]
 [17.325 18.413]
 [17.271 18.111]
 [17.249 18.253]
 [17.002 16.025]
 [16.926 14.29 ]
 [16.856 14.4  ]
 [16.739 11.423]
 [16.542  7.978]]